1000
94 30 5
16 54 82
21 81 30
0 10 42
17 53 33
88 17 98
87 63 16
13 45 52
62 90 75
40 58 61
48 55 54
81 8 37
61 11 30
85 68 41
93 79 38
13 68 39
9 3 8
80 25 64
89 37 94
28 89 30
36 98 30
35 8 16
97 10 91
51 7 31
97 24 78
77 97 48
82 19 81
26 54 1
93 62 88
36 64 15
54 84 33
65 77 89
75 76 37
38 3 52
31 32 20
15 48 19
16 43 68
61 9 64
44 52 32
61 53 3
86 82 81
82 42 37
89 41 20
82 70 56
85 70 9
8 31 78
85 33 65
58 16 65
98 57 37
33 29 79
18 13 17
85 67 94
75 53 41
52 91 16
53 70 66
75 18 15
46 4 73
64 81 11
78 28 94
56 61 7
87 28 17
58 58 81
85 73 70
67 7 97
1 45 6
58 20 22
97 76 47
40 79 88
31 86 25
66 96 69
89 48 39
100 9 27
34 92 25
12 59 63
73 91 41
53 48 96
99 77 4
90 58 66
89 48 41
76 86 17
57 14 13
70 72 24
22 14 70
0 54 4
31 40 41
88 93 40
37 2 41
54 69 77
100 64 45
56 82 23
86 15 32
44 19 7
73 41 26
38 73 58
28 11 21
20 60 5
87 22 56
97 14 17
13 62 69
72 69 8
24 57 38
44 31 91
29 21 89
19 32 69
41 48 10
50 36 93
12 8 16
61 18 70
74 9 58
95 53 33
32 15 55
55 71 19
11 99 92
56 92 59
49 34 10
15 40 98
91 54 60
31 9 91
3 31 48
20 71 63
99 97 98
79 40 83
50 22 86
2 96 76
28 81 52
34 14 7
96 95 29
70 59 36
97 83 99
4 90 64
21 80 63
46 83 61
95 44 79
58 20 9
49 32 95
35 71 80
34 21 80
16 20 13
11 92 53
9 100 8
82 24 95
18 82 44
14 89 2
67 45 63
70 42 40
2 94 46
51 66 33
19 15 33
83 62 4
2 64 93
23 65 87
22 34 52
73 79 96
48 16 37
19 77 96
83 89 31
100 23 20
89 99 82
1 74 53
31 37 19
88 98 54
49 47 74
70 93 6
12 39 71
100 55 38
26 4 85
34 44 71
56 87 92
23 7 39
26 92 27
53 22 1
5 77 17
65 77 76
19 59 93
79 8 72
34 16 89
27 81 7
95 24 55
46 69 58
48 52 2
73 9 85
75 52 73
51 36 99
39 5 87
29 42 62
45 39 5
64 25 83
84 24 17
7 68 97
29 11 42
99 99 99
36 86 34
55 93 15
13 62 100
4 80 61
42 93 80
66 25 14
18 56 55
76 27 10
21 6 39
52 37 89
4 64 27
13 63 44
77 23 24
13 21 19
67 19 16
6 53 79
69 91 72
23 76 96
55 48 15
76 85 40
15 70 53
22 15 99
10 55 4
87 12 14
27 63 72
15 74 4
63 73 6
14 72 37
35 87 31
37 13 100
83 15 78
65 18 82
7 29 92
95 92 84
20 62 88
70 15 34
23 7 57
56 30 6
48 21 33
38 4 1
91 86 25
1 87 71
28 1 34
64 16 62
67 95 83
0 57 27
93 28 75
93 85 66
6 54 76
8 2 87
75 91 13
9 72 95
93 54 6
74 77 38
10 86 69
16 86 48
8 92 17
90 37 82
88 58 41
61 56 2
79 88 11
36 87 6
52 79 8
65 77 35
88 98 52
58 63 62
3 38 18
100 61 33
90 48 65
53 3 4
83 27 46
74 92 31
41 54 55
83 45 78
38 42 11
49 2 81
65 89 98
78 56 13
25 43 87
60 100 78
77 21 90
59 46 2
3 66 73
14 65 87
50 22 39
73 60 73
73 4 82
66 68 37
25 54 15
98 96 13
60 81 24
38 31 43
77 91 2
50 20 90
31 83 25
23 5 33
32 14 83
100 84 31
25 40 82
57 85 91
18 75 3
26 26 94
68 76 65
56 6 32
19 23 85
35 55 45
66 26 38
23 58 58
42 63 85
35 35 60
84 79 48
16 88 96
27 6 1
87 63 13
52 36 12
66 96 69
27 23 72
61 29 41
18 95 60
75 79 54
18 66 28
50 78 61
94 29 61
20 46 23
99 3 95
93 73 87
15 19 12
5 85 97
44 52 32
91 25 16
73 35 23
80 46 30
61 95 87
2 100 54
83 83 38
36 65 62
5 74 9
11 45 47
98 13 29
54 70 59
75 23 60
58 12 24
87 37 36
97 44 60
20 28 98
60 81 83
56 35 42
30 60 84
13 55 55
53 46 81
42 73 40
23 7 3
8 20 80
34 15 71
43 24 79
49 79 11
17 6 40
46 74 16
34 99 40
100 97 2
16 81 32
24 89 95
60 5 38
87 20 40
49 48 55
1 22 6
2 67 55
53 86 23
78 92 39
35 99 22
74 32 16
15 87 67
64 20 30
5 66 37
65 70 12
47 8 15
31 80 31
87 70 20
98 39 27
100 26 16
28 14 70
98 42 24
56 80 4
95 59 36
62 87 92
70 29 55
61 38 36
43 82 18
84 90 42
100 89 76
37 56 98
7 84 22
69 44 38
71 8 8
62 46 8
9 10 84
67 5 11
1 97 39
90 47 68
1 13 64
89 42 1
68 63 40
39 42 75
11 78 3
96 23 25
59 19 85
74 98 45
72 45 65
23 35 44
79 7 62
21 52 78
38 4 40
58 86 97
12 72 15
72 36 27
89 80 24
22 75 38
65 81 74
66 75 25
100 66 13
19 57 99
98 41 60
69 96 3
14 46 40
7 79 5
45 39 23
59 96 91
46 60 87
51 32 31
17 36 76
38 86 11
15 12 1
93 61 47
25 76 48
7 13 96
69 77 100
21 57 20
34 92 69
72 98 89
2 42 20
28 53 36
12 24 3
44 27 57
4 38 5
28 37 95
96 2 72
84 79 77
33 84 61
0 27 62
60 2 68
16 10 4
10 33 56
74 32 14
27 86 68
35 72 76
55 58 79
5 100 52
17 52 13
95 21 59
54 72 3
59 75 32
6 45 79
54 28 35
5 77 3
12 65 66
22 28 37
15 28 37
54 84 77
34 38 11
20 73 91
71 87 7
31 90 6
16 20 69
19 87 86
58 36 22
25 17 18
37 17 62
20 73 83
7 84 93
100 89 96
66 43 12
93 37 34
90 76 61
42 91 58
21 94 36
78 84 95
54 12 86
0 55 55
51 61 95
75 18 61
52 33 14
63 43 23
25 24 95
41 62 75
61 6 25
44 71 96
95 20 58
68 82 88
100 76 79
57 66 7
82 65 54
79 94 60
100 87 47
12 33 57
19 53 6
83 88 33
49 43 41
80 60 28
7 33 36
53 5 47
72 40 83
26 57 61
53 52 65
77 65 16
55 4 97
37 65 24
84 58 8
65 19 26
33 24 78
77 46 25
38 20 36
34 26 6
15 29 66
2 1 3
91 41 56
57 41 42
27 97 67
87 37 94
72 96 80
32 27 27
30 64 56
34 72 48
94 7 87
84 63 8
92 38 94
76 5 76
18 22 25
17 63 22
73 44 1
76 70 22
61 12 61
83 25 47
20 98 70
60 29 94
34 67 6
22 95 30
34 44 91
57 58 89
40 5 31
77 75 53
0 71 40
82 87 30
31 15 100
10 33 21
95 82 27
52 23 15
80 80 99
70 57 74
87 47 83
84 75 56
0 44 99
12 83 57
82 47 46
67 67 62
25 68 86
32 77 66
91 88 3
10 34 82
29 90 66
70 67 75
57 92 78
0 30 70
35 22 38
42 58 87
11 73 54
96 97 9
41 58 27
38 87 35
23 34 79
59 72 79
42 67 14
91 77 63
72 82 11
42 13 34
76 47 70
53 66 72
28 12 87
96 28 17
0 20 25
74 86 67
93 24 72
81 14 29
78 12 26
21 84 62
20 39 43
73 94 6
55 32 37
17 24 45
84 93 54
12 55 55
29 35 24
19 61 77
22 2 57
73 43 35
75 68 11
12 100 82
79 31 94
81 30 41
2 9 3
45 19 56
25 93 2
49 11 58
97 10 17
32 96 39
54 36 40
90 78 19
3 22 39
43 41 16
1 54 73
34 68 35
97 87 65
65 48 46
73 94 45
42 35 78
79 12 10
11 5 82
38 91 22
30 9 85
93 6 84
36 42 44
6 57 10
95 62 96
4 11 83
43 47 33
51 57 31
67 12 75
29 72 80
56 91 37
80 65 25
89 86 90
57 52 31
73 66 59
31 30 58
8 64 34
8 67 44
98 29 77
54 86 32
79 70 92
18 61 15
51 37 95
24 24 77
59 78 24
67 94 53
86 25 64
45 61 96
6 74 32
18 75 8
71 52 15
50 65 61
35 97 48
63 75 34
17 69 21
45 58 69
82 98 10
95 23 15
25 25 97
19 8 1
15 81 30
32 60 75
81 38 43
4 47 1
52 29 5
81 53 85
15 81 62
57 26 71
4 84 60
8 100 13
73 29 39
70 88 73
85 73 67
74 24 4
63 18 95
37 59 59
100 90 10
68 88 5
6 33 77
19 13 36
68 88 23
70 91 100
41 26 27
28 13 37
93 94 28
51 16 83
33 70 76
46 18 82
95 95 17
56 22 38
4 42 74
48 64 69
100 89 79
21 60 67
9 70 2
49 97 30
28 62 38
6 97 77
4 86 31
39 5 38
36 93 63
8 34 45
1 28 70
49 86 5
89 8 11
23 1 19
84 26 67
4 99 34
34 54 33
12 72 83
16 5 23
63 53 74
19 7 99
76 10 62
91 48 60
2 76 15
28 96 15
33 18 17
86 92 88
34 29 37
29 81 85
64 38 29
16 53 10
75 69 6
13 64 42
84 1 80
86 23 47
38 36 53
0 99 43
38 92 85
46 100 56
7 21 17
86 33 83
54 6 54
53 61 85
41 85 26
55 94 47
71 75 75
7 55 65
92 31 9
82 55 91
60 98 27
15 100 82
25 69 7
90 93 62
35 45 55
47 74 14
71 76 48
26 20 90
100 1 1
71 75 25
28 16 5
30 25 5
53 97 9
67 14 93
17 42 4
91 83 54
62 46 1
8 44 91
93 62 100
88 55 34
57 28 81
54 8 62
4 79 33
71 28 11
53 90 67
97 70 4
12 7 78
84 30 23
32 71 93
10 67 92
75 40 70
43 54 4
27 39 58
70 87 37
55 36 81
81 58 33
16 46 80
3 98 22
74 83 52
41 97 37
75 46 17
44 26 6
27 65 77
57 10 21
85 85 34
100 6 31
53 85 73
2 77 57
66 98 21
75 12 4
37 92 57
38 2 57
51 16 84
7 38 80
27 23 13
76 9 32
60 34 72
35 68 35
47 27 41
17 8 18
24 8 15
54 13 86
89 80 48
14 60 30
25 65 34
46 71 15
23 17 75
68 13 87
54 73 68
19 78 93
34 98 65
2 48 25
98 38 32
55 2 71
47 2 34
82 79 96
35 9 73
39 62 19
1 95 53
67 60 99
30 5 25
68 94 26
35 55 63
13 47 81
100 66 7
6 68 91
8 47 90
84 63 23
12 71 89
5 95 26
81 40 43
2 72 59
90 63 36
56 44 57
79 37 2
2 57 53
85 74 65
14 81 78
81 64 70
33 60 68
6 37 12
36 12 28
33 69 55
94 41 86
0 33 60
81 79 13
97 16 13
75 56 53
60 4 61
99 8 47
1 52 5
48 86 21
33 36 11
7 78 53
28 75 45
39 62 100
62 17 79
1 69 27
67 73 45
31 46 91
28 95 81
29 21 13
54 47 14
91 61 19
0 65 91
40 67 34
52 22 97
67 1 56
42 25 39
10 37 85
79 13 6
61 65 100
60 38 13
15 14 85
91 10 57
30 64 33
30 57 67
46 25 23
2 35 88
61 85 22
5 36 8
56 1 93
71 81 41
8 61 41
63 90 6
66 19 66
83 56 97
24 81 77
59 98 12
67 23 25
67 83 21
75 63 74
4 17 11
18 18 95
75 33 74
38 68 94
7 62 58
75 37 68
67 45 84
80 53 38
18 69 54
12 25 45
91 96 80
14 30 25
8 58 1
44 88 41
28 2 36
0 42 24
5 98 52
5 47 66
47 66 45
94 30 1
57 64 92
47 88 70
100 37 76
47 39 84
94 53 82
65 46 89
61 89 91
44 60 67
97 58 73
51 65 58
64 88 26
22 21 46
97 18 34
85 93 63
76 41 73
61 63 52
9 78 90
34 64 3
74 73 98
24 98 37
49 35 2
99 92 60
17 37 79
55 71 46
10 33 33
100 91 95
27 56 28
61 34 14
82 77 39
42 65 78
29 37 5
100 31 47
20 24 95
83 81 21
53 77 48
7 34 65
61 71 58
43 82 22
98 100 65
19 41 36
4 64 60
35 62 33
9 67 98
64 82 82
80 70 89
78 100 69
56 48 75
99 61 22
17 31 57
59 43 87
80 32 67
46 26 68
77 83 32
76 84 67
1 73 59
91 77 4
94 54 91
73 7 6
69 25 52
39 62 18
86 14 22
100 31 11
35 57 4
66 16 67
78 12 41
52 72 19
100 27 67
16 48 34
38 27 52
0 53 42
100 35 40
25 43 2
2 47 93
94 13 95
52 69 42
24 84 57
36 17 39
2 20 12
90 67 82
67 58 20
93 26 48
39 68 98
85 85 71
78 28 15
99 13 4
52 71 59
79 91 11
18 89 10
59 82 94
